0 125
1 27
2 26
3 30
4 48
5 55
6 71
7 63
8 91
9 90
10 89
11 125
12 140
13 146
14 183
15 207
16 209
17 286
18 257
19 306
20 537
21 352
22 430
23 861
24 439
25 409
26 467
27 533
28 456
29 390
30 440
31 438
32 356
33 300
34 338
35 297
36 285
37 298
38 269
39 261
40 213
41 290
42 319
43 250
44 224
45 351
46 302
47 213
48 298
49 321
50 256
51 212
52 331
53 300
54 269
55 266
56 284
57 331
58 255
59 303
60 276
61 429
62 277
63 354
64 1127
65 327
66 451
67 805
68 427
69 321
70 424
71 441
72 426
73 442
74 394
75 430
76 311
77 344
78 374
79 371
80 322
81 445
82 333
83 359
84 344
85 336
86 357
87 348
88 514
89 343
90 507
91 745
92 400
93 392
94 1007
95 409
96 297
97 398
98 911
99 371
100 324
101 766
102 372
103 321
104 515
105 335
106 291
107 343
108 470
109 337
110 333
111 621
112 385
113 330
114 330
115 579
116 394
117 293
118 313
119 354
120 437
121 399
122 413
123 357
124 458
125 455
126 360
127 554
128 783
129 435
130 393
131 641
132 486
133 324
134 384
135 1173
136 424
137 345
138 629
139 337
140 299
141 264
142 306
143 272
144 263
145 366
146 283
147 217
148 222
149 268
150 238
151 243
152 246
153 197
154 202
155 176
156 251
157 216
158 187
159 186
160 181
161 187
162 137
163 145
164 140
165 146
166 120
167 135
168 133
169 151
170 114
171 151
172 127
173 144
174 143
175 127
176 134
177 144
178 147
179 155
180 144
181 134
182 137
183 165
184 158
185 274
186 165
187 180
188 155
189 163
190 169
191 174
192 205
193 154
194 160
195 165
196 205
197 138
198 208
199 273
200 206
201 165
202 261
203 158
204 121
205 119
206 183
207 130
208 96
209 151
210 79
211 62
212 72
213 52
214 31
215 44
216 41
217 39
218 29
219 27
220 31
221 26
222 19
223 17
224 12
225 16
226 13
227 3
228 5
229 10
230 1
231 1
232 2
233 4
234 2
235 3
236 3
237 2
238 2
239 2
240 1
241 0
242 1
243 3
244 0
245 1
246 0
247 0
248 0
249 0
250 0
251 0
252 1
253 0
254 0
255 0
